Gene	Position_Nuc	Position_AA
12996	895	299
2268	1279	427
11469	1519	507
8838	2098	700
9158	1369	457
6600	1291	431
14614	3739	1247
9273	1243	415
14534	649	217
4216	373	125
12969	1264	422
11043	2398	800
11043	2992	998
342	1891	631
342	1981	661
6110	1318	440
14431	988	330
6637	259	87
2607	5698	1900
3852	1432	478
6562	2743	915
2761	1264	422
3429	676	226
742	8860	2954
6551	832	278
10324	1999	667
8895	289	97
956	157	53
9655	1444	482
916	2191	731
5353	229	77
2556	544	182
642	511	171
13236	145	49
10793	1954	652
11394	4900	1634
4356	2260	754
7341	862	288
3983	754	252
6704	616	206
12739	1468	490
8215	187	63
11516	508	170
11516	1810	604
7263	316	106
7263	1225	409
7263	1309	437
12062	751	251
7547	325	109
5239	490	164
14067	784	262
4455	736	246
11088	724	242
11048	2017	673
11002	943	315
1743	1213	405
2931	1450	484
12111	592	198
2784	1444	482
4119	1318	440
12396	658	220
8534	274	92
5399	175	59
13846	142	48
12388	301	101
12068	703	235
9939	2278	760
8868	469	157
6151	397	133
11944	496	166
1525	1357	453
12231	376	126
11125	463	155
5474	244	82
11844	364	122
3367	1054	352
2601	700	234
8939	31	11
3357	1468	490
2893	805	269
10735	1378	460
9148	1237	413
7174	310	104
3176	1336	446
244	931	311
467	859	287
12758	1060	354
9626	697	233
3730	1639	547
10870	316	106
3466	259	87
3466	733	245
3466	1294	432
9260	994	332
14197	157	53
8783	646	216
11736	1402	468
3352	787	263
1283	1405	469
9788	442	148
3044	367	123
1824	973	325
8878	1063	355
5507	268	90
5009	1234	412
3587	3523	1175
8289	514	172
8289	556	186
8289	4585	1529
2622	1180	394
7598	583	195
10050	757	253
12484	775	259
4061	691	231
13897	271	91
9809	3391	1131
812	1420	474
4100	808	270
3510	1870	624
8865	859	287
3874	838	280
8024	373	125
12649	547	183
6109	1546	516
11491	331	111
3703	2050	684
8554	3304	1102
2612	880	294
3126	919	307
9733	292	98
13457	736	246
13335	250	84
2237	2581	861
11356	2881	961
8668	790	264
4670	1231	411
676	1372	458
6455	703	235
3123	2998	1000
8239	790	264
12961	2707	903
1760	163	55
4699	55	19
333	1654	552
9549	931	311
5028	6769	2257
8445	130	44
9561	193	65
9561	340	114
11966	181	61
1015	1066	356
1015	3982	1328
1015	6904	2302
1015	10246	3416
